market,link,price,name,date,datetime,stock
hareruya2,https://www.hareruya2.com/product/21335,350,ブースター(CHR),2023-01-10,2023-01-10 09:14:47,144
