market,link,price,name,date,datetime,stock
torecolo,/shop/g/g016-022-SGI-B/,9,【ポケカ】ＳＳ）Ｒ仕,2022-11-10,2022-11-10 07:22:08,5
