market,link,price,name,date,datetime,stock
torecolo,/shop/g/g044-070-S6K-B/,33,【ポケカ】Ｃ◇ドガー,2023-01-04,2023-01-04 07:11:50,18
