market,link,price,name,date,datetime,stock
cardrush,https://www.cardrush-pokemon.jp/product/22697,120,モルペコV-UNIO,2022-11-02,2022-11-02 07:34:42,203
cardrush,https://www.cardrush-pokemon.jp/product/32785,110,モルペコV-UNIO,2022-11-02,2022-11-02 07:34:42,6
