market,link,price,name,date,datetime,stock
cardrush,https://www.cardrush-pokemon.jp/product/20710,80,ぐんぐんシェイク06,2022-10-30,2022-10-30 09:13:26,376
