market,link,price,name,date,datetime,stock
torecolo,/shop/g/g003-070-S6H-B/,7,【ポケカ】Ｃ◇イシズ,2022-12-28,2022-12-28 06:53:02,8
