market,link,price,name,date,datetime,stock
torecolo,/shop/g/g027-067-S7R-B/,110,【ポケカ】Ｕ◇モココ,2023-01-07,2023-01-07 08:04:12,24
