market,link,price,name,date,datetime,stock
torecolo,/shop/g/g052-053-SH-B/,14,【ポケカ】ＳＳ◇ホッ,2023-01-11,2023-01-11 07:47:51,21
