market,link,price,name,date,datetime,stock
hareruya2,https://www.hareruya2.com/product/18930,100,アップリューVMAX,2022-12-11,2022-12-11 06:11:46,73
