market,link,price,name,date,datetime,stock
hareruya2,https://www.hareruya2.com/product/20993,100,マルヤクデV(RR),2022-11-01,2022-11-01 19:01:02,50
