market,link,price,name,date,datetime,stock
torecolo,/shop/g/g255-184-S8B-B/,17600,【ポケカ】ＳＲ◇アセ,2022-12-28,2022-12-28 09:22:52,0
