market,link,price,name,date,datetime,stock
torecolo,/shop/g/g058-070-S5R-B/,33,【ポケカ】Ｃ◇ブニャ,2022-11-08,2022-11-08 06:32:45,13
