market,link,price,name,date,datetime,stock
torecolo,/shop/g/g013-070-S5A-B/,66,【ポケカ】Ｃ◇デリバ,2022-12-12,2022-12-12 06:38:29,15
