market,link,price,name,date,datetime,stock
hareruya2,https://www.hareruya2.com/product/18997,4000,いちげきウーラオスV,2022-11-21,2022-11-21 06:17:26,3
