market,link,price,name,date,datetime,stock
torecolo,/shop/g/g019-070-S6K-B/,33,【ポケカ】Ｃ◇モココ,2022-11-07,2022-11-07 07:32:07,15
