market,link,price,name,date,datetime,stock
torecolo,/shop/g/g046-070-S6H-B/,8,【ポケカ】Ｃ◇ハリー,2022-11-14,2022-11-14 07:05:26,18
