market,link,price,name,date,datetime,stock
cardrush,https://www.cardrush-pokemon.jp/product/22664,80,マルヤクデVMAX0,2022-12-07,2022-12-07 08:44:32,0
