market,link,price,name,date,datetime,stock
torecolo,/shop/g/g019-019-SGG-G/,33,【ポケカ】ＳＳ◇いち,2022-11-03,2022-11-03 09:42:21,28
