market,link,price,name,date,datetime,stock
cardrush,https://www.cardrush-pokemon.jp/product/20082,80,セレビィV003/0,2022-12-06,2022-12-06 08:15:05,283
cardrush,https://www.cardrush-pokemon.jp/product/31844,70,セレビィV003/0,2022-12-06,2022-12-06 08:15:05,0
