market,link,price,name,date,datetime,stock
hareruya2,https://www.hareruya2.com/product/18959,150,いちげきウーラオスV,2022-12-06,2022-12-06 07:24:48,0
