market,link,price,name,date,datetime,stock
hareruya2,https://www.hareruya2.com/product/19387,50,ヨクバリス(R){無,2022-12-24,2022-12-24 07:12:15,117
