market,link,price,name,date,datetime,stock
torecolo,/shop/g/g156-184-S8B-BM/,110,【ポケカ】Ｃ）ミラー,2022-12-19,2022-12-19 09:01:47,3
torecolo,/shop/g/g156-184-S8B-B/,77,【ポケカ】Ｃ）通常仕,2022-12-19,2022-12-19 09:01:47,27
