market,link,price,name,date,datetime,stock
torecolo,/shop/g/g191-184-S8B-B/,275,【ポケカ】ＣＨＲ◇オ,2022-12-25,2022-12-25 09:14:10,37
