market,link,price,name,date,datetime,stock
cardrush,https://www.cardrush-pokemon.jp/product/21341,80,れいかいのお面061,2022-11-17,2022-11-17 08:07:41,734
