market,link,price,name,date,datetime,stock
hareruya2,https://www.hareruya2.com/product/19792,100,コック(-){サポー,2022-11-04,2022-11-04 07:14:05,0
