market,link,price,name,date,datetime,stock
torecolo,/shop/g/g016-033-SF-B/,110,【ポケカ】ＳＳ◇メタ,2022-12-31,2022-12-31 06:32:55,3
