market,link,price,name,date,datetime,stock
hareruya2,https://www.hareruya2.com/product/19752,50,コモルー(C){ドラ,2022-12-05,2022-12-05 08:01:15,28
