market,link,price,name,date,datetime,stock
hareruya2,https://www.hareruya2.com/product/21417,1000,マスタード れんげき,2022-12-19,2022-12-19 09:17:26,11
