market,link,price,name,date,datetime,stock
cardrush,https://www.cardrush-pokemon.jp/product/21359,30,マルヤクデ012/0,2022-11-30,2022-11-30 07:44:02,89
