market,link,price,name,date,datetime,stock
cardrush,https://www.cardrush-pokemon.jp/product/18205,220,しんかのおこう009,2023-01-07,2023-01-07 06:34:49,66
cardrush,https://www.cardrush-pokemon.jp/product/31152,200,しんかのおこう009,2023-01-07,2023-01-07 06:34:49,2
cardrush,https://www.cardrush-pokemon.jp/product/24733,120,しんかのおこう009,2023-01-07,2023-01-07 06:34:49,0
