market,link,price,name,date,datetime,stock
torecolo,/shop/g/g057-070-S5I-B/,33,【ポケカ】Ｃ◇ベロリ,2022-12-25,2022-12-25 06:16:44,9
