market,link,price,name,date,datetime,stock
cardrush,https://www.cardrush-pokemon.jp/product/20191,780,ボルケニオンV071,2022-11-18,2022-11-18 07:02:25,63
cardrush,https://www.cardrush-pokemon.jp/product/31924,680,ボルケニオンV071,2022-11-18,2022-11-18 07:02:25,16
cardrush,https://www.cardrush-pokemon.jp/product/21089,480,ボルケニオンV071,2022-11-18,2022-11-18 07:02:25,2
cardrush,https://www.cardrush-pokemon.jp/product/20377,320,ボルケニオンV071,2022-11-18,2022-11-18 07:02:25,0
