market,link,price,name,date,datetime,stock
hareruya2,https://www.hareruya2.com/product/21135,50,頂への雪道(CP){,2022-12-29,2022-12-29 09:18:45,401
hareruya2,https://www.hareruya2.com/product/21314,300,頂への雪道:ミラー(,2022-12-29,2022-12-29 09:18:45,46
