market,link,price,name,date,datetime,stock
torecolo,/shop/g/g016-033-SF-B/,165,【ポケカ】ＳＳ◇メタ,2022-10-30,2022-10-30 09:32:06,3
