market,link,price,name,date,datetime,stock
cardrush,https://www.cardrush-pokemon.jp/product/21265,80,ケッキング052/0,2022-12-14,2022-12-14 07:45:49,29
