market,link,price,name,date,datetime,stock
hareruya2,https://www.hareruya2.com/product/19781,50,キュウコン(-){炎,2022-12-20,2022-12-20 07:43:54,1
