market,link,price,name,date,datetime,stock
torecolo,/shop/g/g010-069-S6A-B/,110,【ポケカ】Ｒ◇ワタシ,2022-12-09,2022-12-09 07:33:50,31
