market,link,price,name,date,datetime,stock
torecolo,/shop/g/g024-067-S7R-B/,77,【ポケカ】Ｃ◇フリー,2022-11-14,2022-11-14 08:06:33,0
