market,link,price,name,date,datetime,stock
hareruya2,https://www.hareruya2.com/product/19811,50,モルペコ(-){雷},2023-01-07,2023-01-07 07:42:41,1
