market,link,price,name,date,datetime,stock
hareruya2,https://www.hareruya2.com/product/19776,50,ヒメンカ(-){草},2022-11-10,2022-11-10 07:36:06,18
