market,link,price,name,date,datetime,stock
hareruya2,https://www.hareruya2.com/product/22783,100,ポケモンいれかえ(D,2022-10-03,2022-10-03 10:31:45,38
hareruya2,https://www.hareruya2.com/product/13949,50,ポケモンいれかえ(D,2022-10-03,2022-10-03 10:31:45,0
hareruya2,https://www.hareruya2.com/product/18915,100,ポケモンいれかえ:S,2022-10-03,2022-10-03 10:31:45,0
hareruya2,https://www.hareruya2.com/product/17832,100,ポケモンいれかえ(D,2022-10-03,2022-10-03 10:31:45,0
