market,link,price,name,date,datetime,stock
torecolo,/shop/g/g077-067-S7D-B/,4400,【ポケカ】ＳＲ◇キバ,2022-12-05,2022-12-05 07:52:52,1
