market,link,price,name,date,datetime,stock
hareruya2,https://www.hareruya2.com/product/20394,100,ナマコブシ(C){水,2022-10-31,2022-10-31 09:14:13,3
