market,link,price,name,date,datetime,stock
cardrush,https://www.cardrush-pokemon.jp/product/20059,50,ボスゴドラ050/0,2022-11-23,2022-11-23 07:02:14,37
