market,link,price,name,date,datetime,stock
torecolo,/shop/g/g003-070-S5A-B/,55,【ポケカ】Ｒ◇スピア,2023-01-02,2023-01-02 06:38:23,0
