market,link,price,name,date,datetime,stock
cardrush,https://www.cardrush-pokemon.jp/product/22097,80,オーダイル022/1,2022-12-04,2022-12-04 08:14:46,61
