market,link,price,name,date,datetime,stock
cardrush,https://www.cardrush-pokemon.jp/product/20641,80,ポケモンいれかえ01,2022-12-09,2022-12-09 07:31:32,233
cardrush,https://www.cardrush-pokemon.jp/product/31985,70,ポケモンいれかえ01,2022-12-09,2022-12-09 07:31:32,0
