market,link,price,name,date,datetime,stock
hareruya2,https://www.hareruya2.com/product/25944,200000,【状態A】ブラッキー,2023-01-11,2023-01-11 07:41:43,0
hareruya2,https://www.hareruya2.com/product/25945,200000,【状態A】ブラッキー,2023-01-11,2023-01-11 07:41:43,0
hareruya2,https://www.hareruya2.com/product/25946,200000,【状態A】ブラッキー,2023-01-11,2023-01-11 07:41:43,0
hareruya2,https://www.hareruya2.com/product/25786,200000,【状態A】ブラッキー,2023-01-11,2023-01-11 07:41:43,0
hareruya2,https://www.hareruya2.com/product/25787,200000,【状態A】ブラッキー,2023-01-11,2023-01-11 07:41:43,0
hareruya2,https://www.hareruya2.com/product/25788,180000,【状態A】ブラッキー,2023-01-11,2023-01-11 07:41:43,0
hareruya2,https://www.hareruya2.com/product/25789,180000,【状態A】ブラッキー,2023-01-11,2023-01-11 07:41:43,0
hareruya2,https://www.hareruya2.com/product/25790,180000,【状態A】ブラッキー,2023-01-11,2023-01-11 07:41:43,0
hareruya2,https://www.hareruya2.com/product/25791,180000,【状態A】ブラッキー,2023-01-11,2023-01-11 07:41:43,0
hareruya2,https://www.hareruya2.com/product/25758,180000,【状態A-】ブラッキ,2023-01-11,2023-01-11 07:41:43,0
hareruya2,https://www.hareruya2.com/product/25762,180000,【状態A】ブラッキー,2023-01-11,2023-01-11 07:41:43,0
hareruya2,https://www.hareruya2.com/product/25461,220000,【状態A】ブラッキー,2023-01-11,2023-01-11 07:41:43,0
hareruya2,https://www.hareruya2.com/product/25460,220000,【状態A】ブラッキー,2023-01-11,2023-01-11 07:41:43,0
hareruya2,https://www.hareruya2.com/product/25388,200000,【状態A】ブラッキー,2023-01-11,2023-01-11 07:41:43,0
hareruya2,https://www.hareruya2.com/product/25387,150000,【状態A-】ブラッキ,2023-01-11,2023-01-11 07:41:43,0
hareruya2,https://www.hareruya2.com/product/25284,160000,【状態A】ブラッキー,2023-01-11,2023-01-11 07:41:43,0
hareruya2,https://www.hareruya2.com/product/25283,130000,【状態A-】ブラッキ,2023-01-11,2023-01-11 07:41:43,0
hareruya2,https://www.hareruya2.com/product/25279,150000,【状態A】ブラッキー,2023-01-11,2023-01-11 07:41:43,0
hareruya2,https://www.hareruya2.com/product/25278,130000,【状態A-】ブラッキ,2023-01-11,2023-01-11 07:41:43,0
hareruya2,https://www.hareruya2.com/product/25277,150000,【状態A】ブラッキー,2023-01-11,2023-01-11 07:41:43,0
hareruya2,https://www.hareruya2.com/product/25075,150000,【状態A】ブラッキー,2023-01-11,2023-01-11 07:41:43,0
hareruya2,https://www.hareruya2.com/product/24121,130000,【状態A】ブラッキー,2023-01-11,2023-01-11 07:41:43,0
hareruya2,https://www.hareruya2.com/product/23953,140000,【状態A】ブラッキー,2023-01-11,2023-01-11 07:41:43,0
hareruya2,https://www.hareruya2.com/product/23694,130000,【状態A】ブラッキー,2023-01-11,2023-01-11 07:41:43,0
hareruya2,https://www.hareruya2.com/product/23695,130000,【状態A】ブラッキー,2023-01-11,2023-01-11 07:41:43,0
hareruya2,https://www.hareruya2.com/product/19571,180000,ブラッキーVMAX:,2023-01-11,2023-01-11 07:41:43,0
hareruya2,https://www.hareruya2.com/product/26013,270000,【PSA10】ブラッ,2023-01-11,2023-01-11 07:41:43,0
