market,link,price,name,date,datetime,stock
cardrush,https://www.cardrush-pokemon.jp/product/21478,780,スクールボーイ078,2022-12-12,2022-12-12 07:58:30,37
cardrush,https://www.cardrush-pokemon.jp/product/32398,680,スクールボーイ078,2022-12-12,2022-12-12 07:58:30,11
cardrush,https://www.cardrush-pokemon.jp/product/24119,480,スクールボーイ078,2022-12-12,2022-12-12 07:58:30,0
