market,link,price,name,date,datetime,stock
torecolo,/shop/g/g055-069-S6A-B/,8,【ポケカ】Ｃ◇ニャー,2022-12-09,2022-12-09 07:41:06,22
