market,link,price,name,date,datetime,stock
torecolo,/shop/g/g020-022-SGI-B/,88,【ポケカ】ＳＳ）Ｒ仕,2022-12-05,2022-12-05 07:23:07,1
