market,link,price,name,date,datetime,stock
torecolo,/shop/g/g041-070-S6H-B/,39,【ポケカ】Ｃ◇イワン,2022-10-30,2022-10-30 12:04:47,17
