market,link,price,name,date,datetime,stock
hareruya2,https://www.hareruya2.com/product/20492,58000,ミュウVMAX:SA,2022-11-24,2022-11-24 09:01:58,9
