market,link,price,name,date,datetime,stock
cardrush,https://www.cardrush-pokemon.jp/product/23043,1280,冒険家の発見267/,2022-12-30,2022-12-30 09:25:08,53
cardrush,https://www.cardrush-pokemon.jp/product/23134,1090,冒険家の発見267/,2022-12-30,2022-12-30 09:25:08,4
cardrush,https://www.cardrush-pokemon.jp/product/23817,880,冒険家の発見267/,2022-12-30,2022-12-30 09:25:08,0
