market,link,price,name,date,datetime,stock
torecolo,/shop/g/g004-020-SEK-B/,44,【ポケカ】ＳＳ◇ブイ,2022-11-27,2022-11-27 06:01:17,3
