market,link,price,name,date,datetime,stock
hareruya2,https://www.hareruya2.com/product/21064,150,ガラルファイヤーV(,2022-12-28,2022-12-28 08:58:30,263
