market,link,price,name,date,datetime,stock
hareruya2,https://www.hareruya2.com/product/21374,800,ガラルフリーザーV(,2022-12-30,2022-12-30 09:18:30,4
