market,link,price,name,date,datetime,stock
cardrush,https://www.cardrush-pokemon.jp/product/22752,50,コバルオン114/1,2022-12-22,2022-12-22 08:53:30,112
