market,link,price,name,date,datetime,stock
hareruya2,https://www.hareruya2.com/product/19200,50,おむかえちょうちん(,2022-11-12,2022-11-12 06:46:30,38
