market,link,price,name,date,datetime,stock
hareruya2,https://www.hareruya2.com/product/21079,50,いちげきウーラオス(,2022-12-15,2022-12-15 08:54:02,62
