market,link,price,name,date,datetime,stock
torecolo,/shop/g/g084-067-S7R-B/,2640,【ポケカ】ＨＲ◇サナ,2023-01-09,2023-01-09 08:11:20,0
