market,link,price,name,date,datetime,stock
cardrush,https://www.cardrush-pokemon.jp/product/22492,80,ポケモンいれかえ02,2022-11-21,2022-11-21 08:40:52,0
