market,link,price,name,date,datetime,stock
hareruya2,https://www.hareruya2.com/product/20373,50,マラカッチ(U){草,2022-12-08,2022-12-08 08:12:25,11
