market,link,price,name,date,datetime,stock
torecolo,/shop/g/g067-070-S5A-B/,77,【ポケカ】Ｕ◇クララ,2022-12-08,2022-12-08 06:47:23,1
