market,link,price,name,date,datetime,stock
hareruya2,https://www.hareruya2.com/product/19118,100,ポケモンいれかえ(D,2022-11-06,2022-11-06 10:43:09,0
