market,link,price,name,date,datetime,stock
cardrush,https://www.cardrush-pokemon.jp/product/20629,80,オクタン003/02,2022-11-26,2022-11-26 07:27:02,51
