market,link,price,name,date,datetime,stock
hareruya2,https://www.hareruya2.com/product/19717,50,カジッチュ(C){草,2022-12-30,2022-12-30 08:02:09,11
