market,link,price,name,date,datetime,stock
hareruya2,https://www.hareruya2.com/product/19141,50,ヘラクロス(C){草,2022-11-06,2022-11-06 07:01:43,28
