market,link,price,name,date,datetime,stock
cardrush,https://www.cardrush-pokemon.jp/product/18225,80,パワフル無色エネルギ,2022-12-16,2022-12-16 06:35:46,18
cardrush,https://www.cardrush-pokemon.jp/product/31172,70,パワフル無色エネルギ,2022-12-16,2022-12-16 06:35:46,0
cardrush,https://www.cardrush-pokemon.jp/product/18332,50,パワフル無色エネルギ,2022-12-16,2022-12-16 06:35:46,0
