market,link,price,name,date,datetime,stock
magi,/items/1542372794,110,れんげきウーラオスV,2022-11-17,2022-11-17 08:56:53,1
magi,/items/1762425265,250,れんげきウーラオスV,2022-11-17,2022-11-17 08:56:53,1
magi,/items/30522985,200,れんげきウーラオスV,2022-11-17,2022-11-17 08:56:53,1
magi,/items/1816097632,200,れんげきウーラオスV,2022-11-17,2022-11-17 08:56:53,1
magi,/items/320836881,110,れんげきウーラオスV,2022-11-17,2022-11-17 08:56:53,1
