market,link,price,name,date,datetime,stock
cardrush,https://www.cardrush-pokemon.jp/product/22733,120,れんげきウーラオスV,2022-12-03,2022-12-03 08:55:55,0
cardrush,https://www.cardrush-pokemon.jp/product/32808,110,れんげきウーラオスV,2022-12-03,2022-12-03 08:55:55,0
cardrush,https://www.cardrush-pokemon.jp/product/24740,50,れんげきウーラオスV,2022-12-03,2022-12-03 08:55:55,0
