market,link,price,name,date,datetime,stock
cardrush,https://www.cardrush-pokemon.jp/product/22733,120,れんげきウーラオスV,2022-12-09,2022-12-09 09:03:05,164
cardrush,https://www.cardrush-pokemon.jp/product/32808,110,れんげきウーラオスV,2022-12-09,2022-12-09 09:03:05,0
cardrush,https://www.cardrush-pokemon.jp/product/24740,50,れんげきウーラオスV,2022-12-09,2022-12-09 09:03:05,0
