market,link,price,name,date,datetime,stock
cardrush,https://www.cardrush-pokemon.jp/product/22997,880,マルヤクデV218/,2023-01-03,2023-01-03 09:16:36,116
cardrush,https://www.cardrush-pokemon.jp/product/23090,730,マルヤクデV218/,2023-01-03,2023-01-03 09:16:36,12
cardrush,https://www.cardrush-pokemon.jp/product/34503,580,マルヤクデV218/,2023-01-03,2023-01-03 09:16:36,0
