market,link,price,name,date,datetime,stock
cardrush,https://www.cardrush-pokemon.jp/product/18741,80,ガラルのむねあて06,2022-11-29,2022-11-29 06:47:21,183
