market,link,price,name,date,datetime,stock
torecolo,/shop/g/g009-070-S6H-B/,20,【ポケカ】Ｕ◇アマー,2022-12-22,2022-12-22 06:52:33,13
