market,link,price,name,date,datetime,stock
cardrush,https://www.cardrush-pokemon.jp/product/18125,50,ウツボット003/0,2022-12-12,2022-12-12 06:21:44,82
