market,link,price,name,date,datetime,stock
cardrush,https://www.cardrush-pokemon.jp/product/20680,80,サンダースV030/,2022-11-11,2022-11-11 07:28:28,0
