market,link,price,name,date,datetime,stock
hareruya2,https://www.hareruya2.com/product/18981,150,ムーランドV(RR),2022-12-24,2022-12-24 06:15:41,0
