market,link,price,name,date,datetime,stock
magi,/items/1589508557,4000,ポケカ ポケモンカー,2022-12-18,2022-12-18 09:14:36,1
