market,link,price,name,date,datetime,stock
hareruya2,https://www.hareruya2.com/product/19291,150,トルネロスVMAX(,2022-12-14,2022-12-14 06:57:53,41
