market,link,price,name,date,datetime,stock
torecolo,/shop/g/g023-033-SF-B/,110,【ポケカ】ＳＳ◇溶接,2022-12-28,2022-12-28 06:35:09,0
