market,link,price,name,date,datetime,stock
torecolo,/shop/g/g023-033-SF-B/,110,【ポケカ】ＳＳ◇溶接,2022-11-09,2022-11-09 06:36:16,3
