market,link,price,name,date,datetime,stock
torecolo,/shop/g/g013-028-S8A-BM/,220,【ポケカ】Ｃ）ミラー,2022-12-02,2022-12-02 08:35:59,7
torecolo,/shop/g/g013-028-S8A-B/,33,【ポケカ】Ｃ）通常仕,2022-12-02,2022-12-02 08:35:59,12
