market,link,price,name,date,datetime,stock
cardrush,https://www.cardrush-pokemon.jp/product/22659,30,ブースター018/1,2022-11-08,2022-11-08 08:50:58,36
cardrush,https://www.cardrush-pokemon.jp/product/22838,120,ブースター018/1,2022-11-08,2022-11-08 08:50:58,16
cardrush,https://www.cardrush-pokemon.jp/product/32901,110,ブースター018/1,2022-11-08,2022-11-08 08:50:58,0
