market,link,price,name,date,datetime,stock
cardrush,https://www.cardrush-pokemon.jp/product/20094,30,オタマロ015/07,2022-12-21,2022-12-21 07:05:31,46
