market,link,price,name,date,datetime,stock
torecolo,/shop/g/g012-070-S5I-B/,33,【ポケカ】Ｒ◇エンブ,2022-12-23,2022-12-23 06:08:49,13
