market,link,price,name,date,datetime,stock
cardrush,https://www.cardrush-pokemon.jp/product/22654,50,アップリュー013/,2022-12-21,2022-12-21 08:41:11,14
