market,link,price,name,date,datetime,stock
hareruya2,https://www.hareruya2.com/product/19500,100,グレイシアV(RR),2022-12-21,2022-12-21 07:26:43,209
