market,link,price,name,date,datetime,stock
hareruya2,https://www.hareruya2.com/product/20772,50,ダークライ(-){悪,2023-01-11,2023-01-11 08:51:11,29
