market,link,price,name,date,datetime,stock
cardrush,https://www.cardrush-pokemon.jp/product/22122,30,ムシャーナ047/1,2022-12-16,2022-12-16 08:15:35,38
