market,link,price,name,date,datetime,stock
torecolo,/shop/g/g055-070-S5A-B/,6,【ポケカ】Ｒ◇いちげ,2023-01-10,2023-01-10 06:46:18,0
