market,link,price,name,date,datetime,stock
hareruya2,https://www.hareruya2.com/product/19555,15000,サンダースV:SA(,2022-12-24,2022-12-24 07:35:03,12
hareruya2,https://www.hareruya2.com/product/26311,35000,【PSA10】サンダ,2022-12-24,2022-12-24 07:35:03,1
