market,link,price,name,date,datetime,stock
cardrush,https://www.cardrush-pokemon.jp/product/20104,30,ゴース025/070,2022-12-03,2022-12-03 07:11:07,0
