market,link,price,name,date,datetime,stock
hareruya2,https://www.hareruya2.com/product/20579,50,ディアルガ(-){鋼,2022-12-05,2022-12-05 08:28:24,71
hareruya2,https://www.hareruya2.com/product/20702,100,ディアルガ:ミラー(,2022-12-05,2022-12-05 08:28:24,50
