market,link,price,name,date,datetime,stock
torecolo,/shop/g/g062-070-S6K-B/,6,【ポケカ】Ｕ◇正義の,2022-12-23,2022-12-23 07:11:27,7
