market,link,price,name,date,datetime,stock
hareruya2,https://www.hareruya2.com/product/20409,50,グランブル(U){超,2023-01-09,2023-01-09 08:21:52,14
