market,link,price,name,date,datetime,stock
cardrush,https://www.cardrush-pokemon.jp/product/21319,80,ランドロス039/0,2022-12-29,2022-12-29 08:11:12,114
