market,link,price,name,date,datetime,stock
hareruya2,https://www.hareruya2.com/product/19747,50,ランドロス(R){闘,2022-11-09,2022-11-09 07:57:30,74
