market,link,price,name,date,datetime,stock
cardrush,https://www.cardrush-pokemon.jp/product/22473,30,アリアドス003/0,2023-01-05,2023-01-05 08:46:58,0
