market,link,price,name,date,datetime,stock
hareruya2,https://www.hareruya2.com/product/21361,700,イオルブV(CSR),2022-12-23,2022-12-23 09:15:41,3
