market,link,price,name,date,datetime,stock
hareruya2,https://www.hareruya2.com/product/19524,150,ブラッキーVMAX(,2023-01-07,2023-01-07 07:28:45,109
