market,link,price,name,date,datetime,stock
hareruya2,https://www.hareruya2.com/product/20480,900,フーパV(SR){悪,2022-12-27,2022-12-27 08:34:23,2
