market,link,price,name,date,datetime,stock
cardrush,https://www.cardrush-pokemon.jp/product/18172,80,れんげきウーラオスV,2022-11-03,2022-11-03 14:04:48,0
cardrush,https://www.cardrush-pokemon.jp/product/18383,30,れんげきウーラオスV,2022-11-03,2022-11-03 14:04:48,0
cardrush,https://www.cardrush-pokemon.jp/product/18314,50,れんげきウーラオスV,2022-11-03,2022-11-03 14:04:48,0
