market,link,price,name,date,datetime,stock
hareruya2,https://www.hareruya2.com/product/19063,200,れんげきウーラオスV,2022-12-03,2022-12-03 06:27:42,35
