market,link,price,name,date,datetime,stock
magi,/items/1588358905,300,コスモウム(ミラー),2022-11-12,2022-11-12 08:44:27,1
magi,/items/921079664,150,【特価】コスモッグ(,2022-11-12,2022-11-12 08:44:27,1
magi,/items/641628258,350,コスモウム(ミラー),2022-11-12,2022-11-12 08:44:27,1
hareruya2,https://www.hareruya2.com/product/20586,50,コスモウム(-){超,2022-11-12,2022-11-12 08:44:26,278
hareruya2,https://www.hareruya2.com/product/20709,250,コスモウム:ミラー(,2022-11-12,2022-11-12 08:44:26,20
cardrush,https://www.cardrush-pokemon.jp/product/22420,180,コスモウム015/0,2022-11-12,2022-11-12 08:44:25,10
cardrush,https://www.cardrush-pokemon.jp/product/22360,80,コスモウム015/0,2022-11-12,2022-11-12 08:44:25,491
torecolo,/shop/g/g015-028-S8A-B/,2,【ポケカ】Ｃ）通常仕,2022-11-12,2022-11-12 08:44:23,1
magi,/items/641628258,350,コスモウム(ミラー),2022-11-11,2022-11-11 08:35:38,1
magi,/items/921079664,150,【特価】コスモッグ(,2022-11-11,2022-11-11 08:35:38,1
magi,/items/1588358905,300,コスモウム(ミラー),2022-11-11,2022-11-11 08:35:38,1
hareruya2,https://www.hareruya2.com/product/20586,50,コスモウム(-){超,2022-11-11,2022-11-11 08:35:37,278
hareruya2,https://www.hareruya2.com/product/20709,250,コスモウム:ミラー(,2022-11-11,2022-11-11 08:35:37,20
cardrush,https://www.cardrush-pokemon.jp/product/22420,180,コスモウム015/0,2022-11-11,2022-11-11 08:35:36,10
cardrush,https://www.cardrush-pokemon.jp/product/22360,80,コスモウム015/0,2022-11-11,2022-11-11 08:35:36,491
torecolo,/shop/g/g015-028-S8A-B/,2,【ポケカ】Ｃ）通常仕,2022-11-11,2022-11-11 08:35:34,1
magi,/items/1588358905,300,コスモウム(ミラー),2022-11-10,2022-11-10 08:28:05,1
magi,/items/921079664,150,【特価】コスモッグ(,2022-11-10,2022-11-10 08:28:05,1
magi,/items/1267307693,100,25th コスモウム,2022-11-10,2022-11-10 08:28:05,1
magi,/items/641628258,350,コスモウム(ミラー),2022-11-10,2022-11-10 08:28:05,1
magi,/items/854371975,100,コスモウム(キラ) ,2022-11-10,2022-11-10 08:28:05,1
hareruya2,https://www.hareruya2.com/product/20709,250,コスモウム:ミラー(,2022-11-10,2022-11-10 08:28:03,20
hareruya2,https://www.hareruya2.com/product/20586,50,コスモウム(-){超,2022-11-10,2022-11-10 08:28:03,278
cardrush,https://www.cardrush-pokemon.jp/product/22360,80,コスモウム015/0,2022-11-10,2022-11-10 08:28:02,491
cardrush,https://www.cardrush-pokemon.jp/product/22420,180,コスモウム015/0,2022-11-10,2022-11-10 08:28:02,10
torecolo,/shop/g/g015-028-S8A-B/,2,【ポケカ】Ｃ）通常仕,2022-11-10,2022-11-10 08:28:00,1
magi,/items/1267307693,100,25th コスモウム,2022-11-09,2022-11-09 08:32:03,1
magi,/items/854371975,100,コスモウム(キラ) ,2022-11-09,2022-11-09 08:32:03,1
magi,/items/921079664,150,【特価】コスモッグ(,2022-11-09,2022-11-09 08:32:03,1
hareruya2,https://www.hareruya2.com/product/20586,50,コスモウム(-){超,2022-11-09,2022-11-09 08:32:03,278
hareruya2,https://www.hareruya2.com/product/20709,250,コスモウム:ミラー(,2022-11-09,2022-11-09 08:32:03,20
magi,/items/1588358905,300,コスモウム(ミラー),2022-11-09,2022-11-09 08:32:03,1
magi,/items/641628258,350,コスモウム(ミラー),2022-11-09,2022-11-09 08:32:03,1
cardrush,https://www.cardrush-pokemon.jp/product/22360,80,コスモウム015/0,2022-11-09,2022-11-09 08:32:01,491
cardrush,https://www.cardrush-pokemon.jp/product/22420,180,コスモウム015/0,2022-11-09,2022-11-09 08:32:01,10
torecolo,/shop/g/g015-028-S8A-B/,2,【ポケカ】Ｃ）通常仕,2022-11-09,2022-11-09 08:32:00,1
magi,/items/1588358905,300,コスモウム(ミラー),2022-11-08,2022-11-08 08:38:51,1
magi,/items/1267307693,100,25th コスモウム,2022-11-08,2022-11-08 08:38:51,1
magi,/items/641628258,350,コスモウム(ミラー),2022-11-08,2022-11-08 08:38:51,1
magi,/items/921079664,150,【特価】コスモッグ(,2022-11-08,2022-11-08 08:38:51,1
magi,/items/854371975,100,コスモウム(キラ) ,2022-11-08,2022-11-08 08:38:51,1
cardrush,https://www.cardrush-pokemon.jp/product/22360,80,コスモウム015/0,2022-11-08,2022-11-08 08:38:49,491
hareruya2,https://www.hareruya2.com/product/20586,50,コスモウム(-){超,2022-11-08,2022-11-08 08:38:49,278
hareruya2,https://www.hareruya2.com/product/20709,250,コスモウム:ミラー(,2022-11-08,2022-11-08 08:38:49,20
cardrush,https://www.cardrush-pokemon.jp/product/22420,180,コスモウム015/0,2022-11-08,2022-11-08 08:38:49,10
torecolo,/shop/g/g015-028-S8A-B/,2,【ポケカ】Ｃ）通常仕,2022-11-08,2022-11-08 08:38:46,1
magi,/items/921079664,150,【特価】コスモッグ(,2022-11-07,2022-11-07 15:15:17,1
magi,/items/854371975,100,コスモウム(キラ) ,2022-11-07,2022-11-07 15:15:17,1
magi,/items/1267307693,100,25th コスモウム,2022-11-07,2022-11-07 15:15:17,1
magi,/items/1588358905,300,コスモウム(ミラー),2022-11-07,2022-11-07 15:15:17,1
magi,/items/641628258,350,コスモウム(ミラー),2022-11-07,2022-11-07 15:15:17,1
hareruya2,https://www.hareruya2.com/product/20586,50,コスモウム(-){超,2022-11-07,2022-11-07 15:15:16,278
hareruya2,https://www.hareruya2.com/product/20709,250,コスモウム:ミラー(,2022-11-07,2022-11-07 15:15:16,20
cardrush,https://www.cardrush-pokemon.jp/product/22420,180,コスモウム015/0,2022-11-07,2022-11-07 15:15:15,8
cardrush,https://www.cardrush-pokemon.jp/product/22360,80,コスモウム015/0,2022-11-07,2022-11-07 15:15:15,486
torecolo,/shop/g/g015-028-S8A-B/,2,【ポケカ】Ｃ）通常仕,2022-11-07,2022-11-07 15:15:13,1
magi,/items/1588358905,300,コスモウム(ミラー),2022-11-06,2022-11-06 15:05:39,1
magi,/items/1267307693,100,25th コスモウム,2022-11-06,2022-11-06 15:05:39,1
magi,/items/921079664,150,【特価】コスモッグ(,2022-11-06,2022-11-06 15:05:39,1
magi,/items/854371975,100,コスモウム(キラ) ,2022-11-06,2022-11-06 15:05:39,1
magi,/items/641628258,350,コスモウム(ミラー),2022-11-06,2022-11-06 15:05:39,1
hareruya2,https://www.hareruya2.com/product/20586,50,コスモウム(-){超,2022-11-06,2022-11-06 15:05:38,278
hareruya2,https://www.hareruya2.com/product/20709,250,コスモウム:ミラー(,2022-11-06,2022-11-06 15:05:38,20
cardrush,https://www.cardrush-pokemon.jp/product/22360,80,コスモウム015/0,2022-11-06,2022-11-06 15:05:37,486
cardrush,https://www.cardrush-pokemon.jp/product/22420,180,コスモウム015/0,2022-11-06,2022-11-06 15:05:37,8
torecolo,/shop/g/g015-028-S8A-B/,2,【ポケカ】Ｃ）通常仕,2022-11-06,2022-11-06 15:05:35,1
magi,/items/641628258,350,コスモウム(ミラー),2022-11-05,2022-11-05 14:58:02,1
magi,/items/1588358905,300,コスモウム(ミラー),2022-11-05,2022-11-05 14:58:02,1
magi,/items/1267307693,100,25th コスモウム,2022-11-05,2022-11-05 14:58:02,1
magi,/items/921079664,155,【特価】コスモッグ(,2022-11-05,2022-11-05 14:58:02,1
magi,/items/854371975,100,コスモウム(キラ) ,2022-11-05,2022-11-05 14:58:02,1
hareruya2,https://www.hareruya2.com/product/20709,250,コスモウム:ミラー(,2022-11-05,2022-11-05 14:58:01,20
hareruya2,https://www.hareruya2.com/product/20586,50,コスモウム(-){超,2022-11-05,2022-11-05 14:58:01,274
cardrush,https://www.cardrush-pokemon.jp/product/22420,180,コスモウム015/0,2022-11-05,2022-11-05 14:58:00,8
cardrush,https://www.cardrush-pokemon.jp/product/22360,80,コスモウム015/0,2022-11-05,2022-11-05 14:58:00,488
torecolo,/shop/g/g015-028-S8A-B/,2,【ポケカ】Ｃ）通常仕,2022-11-05,2022-11-05 14:57:58,1
