market,link,price,name,date,datetime,stock
cardrush,https://www.cardrush-pokemon.jp/product/20666,50,マリル016/069,2022-12-20,2022-12-20 07:31:21,63
