market,link,price,name,date,datetime,stock
magi,/items/1823542057,25,PC ジヘッド(04,2022-11-29,2022-11-29 07:48:12,4
magi,/items/1427640673,25,PC ジヘッド(04,2022-11-29,2022-11-29 07:48:12,4
magi,/items/1604230771,25,PC ジヘッド(04,2022-11-29,2022-11-29 07:48:12,4
magi,/items/435337006,25,PC ジヘッド(04,2022-11-29,2022-11-29 07:48:12,4
magi,/items/1732239149,25,PC ジヘッド(04,2022-11-29,2022-11-29 07:48:12,4
magi,/items/1956872255,25,PC ジヘッド(04,2022-11-29,2022-11-29 07:48:12,4
magi,/items/1830998228,25,PC ジヘッド(04,2022-11-29,2022-11-29 07:48:12,4
magi,/items/599943192,25,PC ジヘッド(04,2022-11-29,2022-11-29 07:48:12,4
