market,link,price,name,date,datetime,stock
hareruya2,https://www.hareruya2.com/product/20393,100,ケケンカニV(RR),2022-12-27,2022-12-27 08:23:06,29
