market,link,price,name,date,datetime,stock
hareruya2,https://www.hareruya2.com/product/20458,1600,バトルVIPパス(U,2022-12-30,2022-12-30 08:27:25,58
