market,link,price,name,date,datetime,stock
torecolo,/shop/g/g151-184-S8B-BM/,110,【ポケカ】Ｃ）ミラー,2022-11-23,2022-11-23 09:07:27,2
torecolo,/shop/g/g151-184-S8B-B/,77,【ポケカ】Ｃ）通常仕,2022-11-23,2022-11-23 09:07:27,41
