market,link,price,name,date,datetime,stock
torecolo,/shop/g/g090-067-S7D-B/,6600,【ポケカ】ＵＲ◇基本,2023-01-03,2023-01-03 07:58:17,0
