market,link,price,name,date,datetime,stock
cardrush,https://www.cardrush-pokemon.jp/product/22778,80,やまびこホーン140,2023-01-11,2023-01-11 09:17:35,226
cardrush,https://www.cardrush-pokemon.jp/product/22919,120,やまびこホーン140,2023-01-11,2023-01-11 09:17:35,28
cardrush,https://www.cardrush-pokemon.jp/product/32959,110,やまびこホーン140,2023-01-11,2023-01-11 09:17:35,0
