market,link,price,name,date,datetime,stock
hareruya2,https://www.hareruya2.com/product/20459,50,パワータブレット(U,2022-12-15,2022-12-15 08:22:15,2
