market,link,price,name,date,datetime,stock
torecolo,/shop/g/g260-184-S8B-B/,770,【ポケカ】ＳＲ◇コッ,2023-01-08,2023-01-08 09:35:50,7
