market,link,price,name,date,datetime,stock
hareruya2,https://www.hareruya2.com/product/19685,50,サザンドラ(R){ド,2022-11-10,2022-11-10 07:45:07,62
