market,link,price,name,date,datetime,stock
cardrush,https://www.cardrush-pokemon.jp/product/21257,80,サザンドラ044/0,2022-11-04,2022-11-04 07:18:27,18
