market,link,price,name,date,datetime,stock
hareruya2,https://www.hareruya2.com/product/20478,2500,ミュウV(SR){超,2022-11-16,2022-11-16 08:26:07,1
