market,link,price,name,date,datetime,stock
torecolo,/shop/g/g005-070-S5R-B/,33,【ポケカ】Ｃ◇チェリ,2023-01-09,2023-01-09 06:21:50,25
