market,link,price,name,date,datetime,stock
magi,/items/1440430473,100,クリムガン 121/,2022-12-03,2022-12-03 08:58:40,1
magi,/items/1381546375,100,クリムガン 121/,2022-12-03,2022-12-03 08:58:40,1
magi,/items/386635495,100,クリムガン 121/,2022-12-03,2022-12-03 08:58:40,1
magi,/items/1422033876,100,クリムガン 121/,2022-12-03,2022-12-03 08:58:40,1
magi,/items/857830012,100,クリムガン 121/,2022-12-03,2022-12-03 08:58:40,1
