market,link,price,name,date,datetime,stock
torecolo,/shop/g/g050-070-S5A-B/,33,【ポケカ】Ｃ◇フシデ,2022-12-08,2022-12-08 06:45:44,0
