market,link,price,name,date,datetime,stock
cardrush,https://www.cardrush-pokemon.jp/product/21281,80,ハネッコ001/06,2022-12-19,2022-12-19 07:53:00,252
