market,link,price,name,date,datetime,stock
hareruya2,https://www.hareruya2.com/product/19411,900,ズミ(SR){サポー,2022-12-24,2022-12-24 07:14:37,1
