market,link,price,name,date,datetime,stock
torecolo,/shop/g/g007-019-SGG-G/,77,【ポケカ】ＳＳ）Ｒ仕,2022-12-07,2022-12-07 07:21:14,1
