market,link,price,name,date,datetime,stock
cardrush,https://www.cardrush-pokemon.jp/product/18697,30,ランターン021/0,2022-12-29,2022-12-29 06:42:27,65
