market,link,price,name,date,datetime,stock
hareruya2,https://www.hareruya2.com/product/21340,600,サンダース(CHR),2022-11-09,2022-11-09 09:03:48,272
