market,link,price,name,date,datetime,stock
hareruya2,https://www.hareruya2.com/product/19163,50,コロモリ(C){超},2022-12-05,2022-12-05 06:44:07,32
