market,link,price,name,date,datetime,stock
torecolo,/shop/g/g112-100-S8-B/,770,【ポケカ】ＳＲ◇カゲ,2022-11-06,2022-11-06 15:03:33,10
