market,link,price,name,date,datetime,stock
cardrush,https://www.cardrush-pokemon.jp/product/22208,1080,ダンサー123/10,2022-11-29,2022-11-29 08:28:36,0
cardrush,https://www.cardrush-pokemon.jp/product/35154,420,ダンサー123/10,2022-11-29,2022-11-29 08:28:36,0
cardrush,https://www.cardrush-pokemon.jp/product/34170,780,ダンサー123/10,2022-11-29,2022-11-29 08:28:36,0
cardrush,https://www.cardrush-pokemon.jp/product/32591,930,ダンサー123/10,2022-11-29,2022-11-29 08:28:36,0
