market,link,price,name,date,datetime,stock
hareruya2,https://www.hareruya2.com/product/21122,50,ダンデ(CP){サポ,2022-12-18,2022-12-18 09:01:30,4
