market,link,price,name,date,datetime,stock
cardrush,https://www.cardrush-pokemon.jp/product/22724,30,イワンコ086/18,2022-12-18,2022-12-18 08:47:44,80
cardrush,https://www.cardrush-pokemon.jp/product/22884,80,イワンコ086/18,2022-12-18,2022-12-18 08:47:44,40
