market,link,price,name,date,datetime,stock
cardrush,https://www.cardrush-pokemon.jp/product/18074,30,バネブー022/07,2022-12-16,2022-12-16 06:12:40,95
