market,link,price,name,date,datetime,stock
hareruya2,https://www.hareruya2.com/product/18996,1000,いちげきウーラオスV,2022-11-28,2022-11-28 06:17:19,1
