market,link,price,name,date,datetime,stock
cardrush,https://www.cardrush-pokemon.jp/product/18235,880,いちげきウーラオスV,2022-11-09,2022-11-09 06:18:33,1
cardrush,https://www.cardrush-pokemon.jp/product/31182,730,いちげきウーラオスV,2022-11-09,2022-11-09 06:18:33,0
cardrush,https://www.cardrush-pokemon.jp/product/18405,380,いちげきウーラオスV,2022-11-09,2022-11-09 06:18:33,0
cardrush,https://www.cardrush-pokemon.jp/product/18340,580,いちげきウーラオスV,2022-11-09,2022-11-09 06:18:33,0
