market,link,price,name,date,datetime,stock
hareruya2,https://www.hareruya2.com/product/19239,50,メブキジカ(U){草,2022-11-21,2022-11-21 06:51:47,28
