market,link,price,name,date,datetime,stock
magi,/items/1160104904,200,おむかえちょうちん ,2022-12-04,2022-12-04 09:01:48,1
magi,/items/19473511,100,おむかえちょうちん ,2022-12-04,2022-12-04 09:01:48,1
magi,/items/253127469,100,おむかえちょうちん ,2022-12-04,2022-12-04 09:01:48,1
magi,/items/583148536,100,おむかえちょうちん ,2022-12-04,2022-12-04 09:01:48,1
magi,/items/783864014,100,おむかえちょうちん ,2022-12-04,2022-12-04 09:01:48,1
magi,/items/129373679,37,おむかえちょうちん ,2022-12-04,2022-12-04 09:01:48,3
magi,/items/508564172,100,おむかえちょうちん ,2022-12-04,2022-12-04 09:01:48,1
magi,/items/1976563096,100,おむかえちょうちん ,2022-12-04,2022-12-04 09:01:48,1
magi,/items/1570851931,100,おむかえちょうちん ,2022-12-04,2022-12-04 09:01:48,1
magi,/items/1418277099,100,おむかえちょうちん ,2022-12-04,2022-12-04 09:01:48,1
magi,/items/1120720760,100,おむかえちょうちん ,2022-12-04,2022-12-04 09:01:48,1
magi,/items/5478231,100,おむかえちょうちん ,2022-12-04,2022-12-04 09:01:48,1
magi,/items/640733698,100,おむかえちょうちん ,2022-12-04,2022-12-04 09:01:48,1
magi,/items/1789948670,100,おむかえちょうちん ,2022-12-04,2022-12-04 09:01:48,1
magi,/items/948805756,100,おむかえちょうちん ,2022-12-04,2022-12-04 09:01:48,1
magi,/items/775819793,100,おむかえちょうちん ,2022-12-04,2022-12-04 09:01:48,1
magi,/items/296529147,100,おむかえちょうちん ,2022-12-04,2022-12-04 09:01:48,1
magi,/items/563193149,100,おむかえちょうちん ,2022-12-04,2022-12-04 09:01:48,1
magi,/items/469412596,100,おむかえちょうちん ,2022-12-04,2022-12-04 09:01:48,1
magi,/items/1181867725,100,おむかえちょうちん ,2022-12-04,2022-12-04 09:01:48,1
magi,/items/1071732821,100,おむかえちょうちん ,2022-12-04,2022-12-04 09:01:48,1
magi,/items/1974769038,100,おむかえちょうちん ,2022-12-04,2022-12-04 09:01:48,1
magi,/items/884440106,25,1枚25円 おむかえ,2022-12-04,2022-12-04 09:01:48,1
magi,/items/1800064100,40,1枚40円 おむかえ,2022-12-04,2022-12-04 09:01:48,1
