market,link,price,name,date,datetime,stock
magi,/items/795312591,49,【特価】オコリザル ,2022-12-18,2022-12-18 06:13:59,4
magi,/items/441807450,180,【特価】オコリザル ,2022-12-18,2022-12-18 06:13:59,1
magi,/items/1005322498,165,【特価】オコリザル ,2022-12-18,2022-12-18 06:13:59,1
magi,/items/718858566,100,オコリザル U 02,2022-12-18,2022-12-18 06:13:59,1
