market,link,price,name,date,datetime,stock
cardrush,https://www.cardrush-pokemon.jp/product/23016,980,れんげきウーラオスV,2023-01-05,2023-01-05 09:26:14,141
cardrush,https://www.cardrush-pokemon.jp/product/23109,830,れんげきウーラオスV,2023-01-05,2023-01-05 09:26:14,20
cardrush,https://www.cardrush-pokemon.jp/product/23818,680,れんげきウーラオスV,2023-01-05,2023-01-05 09:26:14,0
