market,link,price,name,date,datetime,stock
torecolo,/shop/g/g044-069-S6A-B/,55,【ポケカ】Ｒ◇マーシ,2022-12-19,2022-12-19 07:28:27,4
