market,link,price,name,date,datetime,stock
magi,/items/669281465,100,マーシャドー R 0,2023-01-09,2023-01-09 07:27:14,1
magi,/items/1135424594,150,【特価】マーシャドー,2023-01-09,2023-01-09 07:27:14,1
magi,/items/1100285476,55,マーシャドー R 0,2023-01-09,2023-01-09 07:27:14,4
magi,/items/1981697595,100,マーシャドー R 0,2023-01-09,2023-01-09 07:27:14,1
magi,/items/1798142412,99,マーシャドー R 0,2023-01-09,2023-01-09 07:27:14,4
magi,/items/735748003,100,s6a マーシャドー,2023-01-09,2023-01-09 07:27:14,1
