market,link,price,name,date,datetime,stock
torecolo,/shop/g/g009-015-S8A-G-B/,88,【ポケカ】ＳＳ）ミラ,2022-11-30,2022-11-30 08:33:51,0
