market,link,price,name,date,datetime,stock
magi,/items/658161581,800,レスキューキャリー ,2022-12-09,2022-12-09 07:56:42,1
magi,/items/1727282122,1200,レスキューキャリー ,2022-12-09,2022-12-09 07:56:42,1
magi,/items/451212719,455,レスキューキャリー ,2022-12-09,2022-12-09 07:56:42,1
magi,/items/440056756,1000,レスキューキャリー ,2022-12-09,2022-12-09 07:56:42,1
magi,/items/1239098093,2000,レスキューキャリー ,2022-12-09,2022-12-09 07:56:42,1
magi,/items/1773764231,1500,レスキューキャリー ,2022-12-09,2022-12-09 07:56:42,1
magi,/items/621604898,500,レスキューキャリー ,2022-12-09,2022-12-09 07:56:42,1
