market,link,price,name,date,datetime,stock
torecolo,/shop/g/g059-067-S7D-B/,330,【ポケカ】Ｕ◇レスキ,2022-11-13,2022-11-13 07:48:15,18
