market,link,price,name,date,datetime,stock
torecolo,/shop/g/g030-070-S6K-B/,33,【ポケカ】Ｃ◇ゴビッ,2022-12-10,2022-12-10 07:08:12,22
