market,link,price,name,date,datetime,stock
magi,/items/2033313337,100,いちげきウーラオスV,2022-11-12,2022-11-12 09:04:40,1
magi,/items/1036980719,295,いちげきウーラオスV,2022-11-12,2022-11-12 09:04:40,1
magi,/items/984250411,100,いちげきウーラオスV,2022-11-12,2022-11-12 09:04:40,1
magi,/items/600843814,200,いちげきウーラオスV,2022-11-12,2022-11-12 09:04:40,1
magi,/items/1226488670,120,いちげきウーラオスV,2022-11-12,2022-11-12 09:04:40,1
magi,/items/217003102,250,いちげきウーラオスV,2022-11-12,2022-11-12 09:04:40,1
magi,/items/1625592060,330,【4枚】いちげきウー,2022-11-12,2022-11-12 09:04:40,1
hareruya2,https://www.hareruya2.com/product/21061,150,いちげきウーラオスV,2022-11-12,2022-11-12 09:04:38,16
cardrush,https://www.cardrush-pokemon.jp/product/22731,80,いちげきウーラオスV,2022-11-12,2022-11-12 09:04:37,218
magi,/items/1226488670,120,いちげきウーラオスV,2022-11-11,2022-11-11 08:56:37,1
magi,/items/2033313337,100,いちげきウーラオスV,2022-11-11,2022-11-11 08:56:37,1
magi,/items/300988405,100,いちげきウーラオスV,2022-11-11,2022-11-11 08:56:37,1
magi,/items/1036980719,295,いちげきウーラオスV,2022-11-11,2022-11-11 08:56:37,1
magi,/items/984250411,100,いちげきウーラオスV,2022-11-11,2022-11-11 08:56:37,1
magi,/items/600843814,200,いちげきウーラオスV,2022-11-11,2022-11-11 08:56:37,1
magi,/items/1463483696,100,いちげきウーラオスV,2022-11-11,2022-11-11 08:56:37,1
magi,/items/1625592060,330,【4枚】いちげきウー,2022-11-11,2022-11-11 08:56:37,1
magi,/items/261942987,100,いちげきウーラオスV,2022-11-11,2022-11-11 08:56:37,1
magi,/items/217003102,250,いちげきウーラオスV,2022-11-11,2022-11-11 08:56:37,1
hareruya2,https://www.hareruya2.com/product/21061,150,いちげきウーラオスV,2022-11-11,2022-11-11 08:56:35,16
cardrush,https://www.cardrush-pokemon.jp/product/22731,80,いちげきウーラオスV,2022-11-11,2022-11-11 08:56:34,253
magi,/items/2033313337,100,いちげきウーラオスV,2022-11-10,2022-11-10 08:51:49,1
magi,/items/984250411,100,いちげきウーラオスV,2022-11-10,2022-11-10 08:51:49,1
magi,/items/1226488670,120,いちげきウーラオスV,2022-11-10,2022-11-10 08:51:49,1
magi,/items/1463483696,100,いちげきウーラオスV,2022-11-10,2022-11-10 08:51:49,1
magi,/items/261942987,100,いちげきウーラオスV,2022-11-10,2022-11-10 08:51:49,1
magi,/items/300988405,100,いちげきウーラオスV,2022-11-10,2022-11-10 08:51:49,1
magi,/items/1036980719,295,いちげきウーラオスV,2022-11-10,2022-11-10 08:51:49,1
magi,/items/1625592060,330,【4枚】いちげきウー,2022-11-10,2022-11-10 08:51:49,1
magi,/items/600843814,200,いちげきウーラオスV,2022-11-10,2022-11-10 08:51:49,1
magi,/items/217003102,250,いちげきウーラオスV,2022-11-10,2022-11-10 08:51:49,1
hareruya2,https://www.hareruya2.com/product/21061,150,いちげきウーラオスV,2022-11-10,2022-11-10 08:51:48,17
cardrush,https://www.cardrush-pokemon.jp/product/22731,80,いちげきウーラオスV,2022-11-10,2022-11-10 08:51:46,256
magi,/items/600843814,200,いちげきウーラオスV,2022-11-09,2022-11-09 08:51:29,1
magi,/items/1226488670,120,いちげきウーラオスV,2022-11-09,2022-11-09 08:51:29,1
magi,/items/300988405,100,いちげきウーラオスV,2022-11-09,2022-11-09 08:51:29,1
magi,/items/984250411,100,いちげきウーラオスV,2022-11-09,2022-11-09 08:51:29,1
magi,/items/2033313337,100,いちげきウーラオスV,2022-11-09,2022-11-09 08:51:29,1
magi,/items/261942987,100,いちげきウーラオスV,2022-11-09,2022-11-09 08:51:29,1
magi,/items/1625592060,330,【4枚】いちげきウー,2022-11-09,2022-11-09 08:51:29,1
magi,/items/1463483696,100,いちげきウーラオスV,2022-11-09,2022-11-09 08:51:29,1
magi,/items/1036980719,295,いちげきウーラオスV,2022-11-09,2022-11-09 08:51:29,1
magi,/items/217003102,150,いちげきウーラオスV,2022-11-09,2022-11-09 08:51:29,1
hareruya2,https://www.hareruya2.com/product/21061,150,いちげきウーラオスV,2022-11-09,2022-11-09 08:51:28,17
cardrush,https://www.cardrush-pokemon.jp/product/22731,80,いちげきウーラオスV,2022-11-09,2022-11-09 08:51:27,331
magi,/items/984250411,100,いちげきウーラオスV,2022-11-08,2022-11-08 09:01:38,1
magi,/items/300988405,100,いちげきウーラオスV,2022-11-08,2022-11-08 09:01:38,1
magi,/items/2033313337,100,いちげきウーラオスV,2022-11-08,2022-11-08 09:01:38,1
magi,/items/1226488670,120,いちげきウーラオスV,2022-11-08,2022-11-08 09:01:38,1
magi,/items/600843814,200,いちげきウーラオスV,2022-11-08,2022-11-08 09:01:38,1
magi,/items/1463483696,100,いちげきウーラオスV,2022-11-08,2022-11-08 09:01:38,1
magi,/items/1625592060,330,【4枚】いちげきウー,2022-11-08,2022-11-08 09:01:38,1
magi,/items/217003102,200,いちげきウーラオスV,2022-11-08,2022-11-08 09:01:38,1
magi,/items/261942987,100,いちげきウーラオスV,2022-11-08,2022-11-08 09:01:38,1
magi,/items/1036980719,295,いちげきウーラオスV,2022-11-08,2022-11-08 09:01:38,1
hareruya2,https://www.hareruya2.com/product/21061,150,いちげきウーラオスV,2022-11-08,2022-11-08 09:01:37,17
cardrush,https://www.cardrush-pokemon.jp/product/22731,80,いちげきウーラオスV,2022-11-08,2022-11-08 09:01:36,331
magi,/items/600843814,200,いちげきウーラオスV,2022-11-07,2022-11-07 15:16:35,1
magi,/items/261942987,100,いちげきウーラオスV,2022-11-07,2022-11-07 15:16:35,1
magi,/items/1226488670,120,いちげきウーラオスV,2022-11-07,2022-11-07 15:16:35,1
magi,/items/1036980719,295,いちげきウーラオスV,2022-11-07,2022-11-07 15:16:35,1
magi,/items/217003102,200,いちげきウーラオスV,2022-11-07,2022-11-07 15:16:35,1
magi,/items/984250411,100,いちげきウーラオスV,2022-11-07,2022-11-07 15:16:35,1
magi,/items/1463483696,100,いちげきウーラオスV,2022-11-07,2022-11-07 15:16:35,1
magi,/items/2033313337,100,いちげきウーラオスV,2022-11-07,2022-11-07 15:16:35,1
magi,/items/300988405,100,いちげきウーラオスV,2022-11-07,2022-11-07 15:16:35,1
magi,/items/1625592060,330,【4枚】いちげきウー,2022-11-07,2022-11-07 15:16:35,1
hareruya2,https://www.hareruya2.com/product/21061,150,いちげきウーラオスV,2022-11-07,2022-11-07 15:16:34,17
cardrush,https://www.cardrush-pokemon.jp/product/22731,80,いちげきウーラオスV,2022-11-07,2022-11-07 15:16:33,333
magi,/items/300988405,100,いちげきウーラオスV,2022-11-06,2022-11-06 15:07:00,1
magi,/items/1463483696,100,いちげきウーラオスV,2022-11-06,2022-11-06 15:07:00,1
magi,/items/1036980719,295,いちげきウーラオスV,2022-11-06,2022-11-06 15:07:00,1
magi,/items/984250411,100,いちげきウーラオスV,2022-11-06,2022-11-06 15:07:00,1
magi,/items/600843814,200,いちげきウーラオスV,2022-11-06,2022-11-06 15:07:00,1
magi,/items/1103016800,100,いちげきウーラオスV,2022-11-06,2022-11-06 15:07:00,1
magi,/items/217003102,190,いちげきウーラオスV,2022-11-06,2022-11-06 15:07:00,1
magi,/items/1226488670,150,いちげきウーラオスV,2022-11-06,2022-11-06 15:07:00,1
magi,/items/1625592060,330,【4枚】いちげきウー,2022-11-06,2022-11-06 15:07:00,1
magi,/items/2033313337,100,いちげきウーラオスV,2022-11-06,2022-11-06 15:07:00,1
magi,/items/261942987,100,いちげきウーラオスV,2022-11-06,2022-11-06 15:07:00,1
hareruya2,https://www.hareruya2.com/product/21061,150,いちげきウーラオスV,2022-11-06,2022-11-06 15:06:59,17
cardrush,https://www.cardrush-pokemon.jp/product/22731,80,いちげきウーラオスV,2022-11-06,2022-11-06 15:06:58,336
magi,/items/1625592060,330,【4枚】いちげきウー,2022-11-05,2022-11-05 15:01:28,1
magi,/items/261942987,100,いちげきウーラオスV,2022-11-05,2022-11-05 15:01:28,1
magi,/items/1103016800,100,いちげきウーラオスV,2022-11-05,2022-11-05 15:01:28,1
magi,/items/1463483696,100,いちげきウーラオスV,2022-11-05,2022-11-05 15:01:28,1
magi,/items/217003102,200,いちげきウーラオスV,2022-11-05,2022-11-05 15:01:28,1
magi,/items/1226488670,150,いちげきウーラオスV,2022-11-05,2022-11-05 15:01:28,1
magi,/items/600843814,200,いちげきウーラオスV,2022-11-05,2022-11-05 15:01:28,1
magi,/items/984250411,100,いちげきウーラオスV,2022-11-05,2022-11-05 15:01:28,1
magi,/items/1036980719,295,いちげきウーラオスV,2022-11-05,2022-11-05 15:01:28,1
magi,/items/2033313337,100,いちげきウーラオスV,2022-11-05,2022-11-05 15:01:28,1
magi,/items/300988405,100,いちげきウーラオスV,2022-11-05,2022-11-05 15:01:28,1
hareruya2,https://www.hareruya2.com/product/21061,150,いちげきウーラオスV,2022-11-05,2022-11-05 15:01:27,20
cardrush,https://www.cardrush-pokemon.jp/product/22731,80,いちげきウーラオスV,2022-11-05,2022-11-05 15:01:25,341
