market,link,price,name,date,datetime,stock
cardrush,https://www.cardrush-pokemon.jp/product/20047,30,ヒポポタス038/0,2022-11-21,2022-11-21 06:55:48,56
