market,link,price,name,date,datetime,stock
cardrush,https://www.cardrush-pokemon.jp/product/21335,30,オドシシ055/06,2022-11-07,2022-11-07 08:23:59,57
