market,link,price,name,date,datetime,stock
cardrush,https://www.cardrush-pokemon.jp/product/21297,30,マルヤクデ017/0,2022-11-02,2022-11-02 07:06:38,59
