market,link,price,name,date,datetime,stock
torecolo,/shop/g/g038-067-S7R-B/,33,【ポケカ】Ｕ◇ネンド,2022-11-08,2022-11-08 08:05:22,7
