market,link,price,name,date,datetime,stock
magi,/items/2130889256,100,モノマネむすめ C ,2022-11-10,2022-11-10 07:47:22,1
magi,/items/1870902868,100,モノマネむすめ C ,2022-11-10,2022-11-10 07:47:22,1
magi,/items/1689849582,100,モノマネむすめ C ,2022-11-10,2022-11-10 07:47:22,1
magi,/items/1927061017,180,モノマネむすめ C ,2022-11-10,2022-11-10 07:47:22,1
magi,/items/462550655,100,モノマネむすめ C ,2022-11-10,2022-11-10 07:47:22,1
magi,/items/896676374,100,モノマネむすめ C ,2022-11-10,2022-11-10 07:47:22,1
magi,/items/1651029186,100,モノマネむすめ C ,2022-11-10,2022-11-10 07:47:22,1
magi,/items/1373288155,100,モノマネむすめ C ,2022-11-10,2022-11-10 07:47:22,1
magi,/items/990363358,100,モノマネむすめ C ,2022-11-10,2022-11-10 07:47:22,1
magi,/items/2096551034,100,モノマネむすめ C ,2022-11-10,2022-11-10 07:47:22,1
magi,/items/679329003,100,モノマネむすめ C ,2022-11-10,2022-11-10 07:47:22,1
magi,/items/13599360,101,モノマネむすめ C ,2022-11-10,2022-11-10 07:47:22,1
magi,/items/1792413710,25,1枚25円 モノマネ,2022-11-10,2022-11-10 07:47:22,1
magi,/items/941228361,100,モノマネむすめ C ,2022-11-10,2022-11-10 07:47:22,1
magi,/items/301707876,200,モノマネむすめ C ,2022-11-10,2022-11-10 07:47:22,1
