market,link,price,name,date,datetime,stock
hareruya2,https://www.hareruya2.com/product/17837,50,ポケモンごっこ(D),2022-12-14,2022-12-14 06:07:29,41
