market,link,price,name,date,datetime,stock
hareruya2,https://www.hareruya2.com/product/19036,50,オクタン(R){水},2022-11-20,2022-11-20 06:24:18,38
