market,link,price,name,date,datetime,stock
cardrush,https://www.cardrush-pokemon.jp/product/18197,80,ユキハミ001/03,2023-01-09,2023-01-09 06:32:27,16
