market,link,price,name,date,datetime,stock
cardrush,https://www.cardrush-pokemon.jp/product/22169,80,なごりの大鈴094/,2022-11-13,2022-11-13 08:18:25,129
