market,link,price,name,date,datetime,stock
torecolo,/shop/g/g020-020-SEK-B/,132,【ポケカ】ＳＳ◇ルリ,2022-11-14,2022-11-14 06:03:04,1
