market,link,price,name,date,datetime,stock
cardrush,https://www.cardrush-pokemon.jp/product/23056,4780,ミュウVMAX280,2022-11-08,2022-11-08 09:24:56,30
cardrush,https://www.cardrush-pokemon.jp/product/23146,3780,ミュウVMAX280,2022-11-08,2022-11-08 09:24:56,0
cardrush,https://www.cardrush-pokemon.jp/product/34127,2780,ミュウVMAX280,2022-11-08,2022-11-08 09:24:56,0
