market,link,price,name,date,datetime,stock
torecolo,/shop/g/g064-067-S7R-B/,9,【ポケカ】Ｃ◇スクー,2022-12-07,2022-12-07 08:05:00,0
