market,link,price,name,date,datetime,stock
torecolo,/shop/g/g002-067-S7D-B/,44,【ポケカ】Ｃ◇ハスボ,2022-12-12,2022-12-12 07:37:18,10
