market,link,price,name,date,datetime,stock
hareruya2,https://www.hareruya2.com/product/19131,100,ホラー超エネルギー(,2022-11-07,2022-11-07 14:31:38,0
