market,link,price,name,date,datetime,stock
hareruya2,https://www.hareruya2.com/product/20417,50,ドロンチ(U){超},2022-11-08,2022-11-08 08:23:28,8
