market,link,price,name,date,datetime,stock
hareruya2,https://www.hareruya2.com/product/19144,100,バシャーモV(RR),2022-11-07,2022-11-07 07:04:22,0
