market,link,price,name,date,datetime,stock
hareruya2,https://www.hareruya2.com/product/19093,700,マスタード れんげき,2022-11-11,2022-11-11 06:28:00,1
