market,link,price,name,date,datetime,stock
cardrush,https://www.cardrush-pokemon.jp/product/20092,30,ポワルンあまみずのす,2022-12-29,2022-12-29 07:07:05,0
