market,link,price,name,date,datetime,stock
hareruya2,https://www.hareruya2.com/product/19238,50,シキジカ(C){草},2022-11-14,2022-11-14 07:01:17,25
