market,link,price,name,date,datetime,stock
magi,/items/185087770,100,ヤミラミ C 028,2022-12-21,2022-12-21 07:06:57,1
magi,/items/1157917301,100,ヤミラミ C 028,2022-12-21,2022-12-21 07:06:57,1
magi,/items/1346936742,100,ヤミラミ C 028,2022-12-21,2022-12-21 07:06:57,1
magi,/items/802752336,120,ヤミラミ C 028,2022-12-21,2022-12-21 07:06:57,1
