market,link,price,name,date,datetime,stock
torecolo,/shop/g/g028-070-S5A-B/,33,【ポケカ】Ｃ◇ペロッ,2022-12-12,2022-12-12 06:42:03,7
