market,link,price,name,date,datetime,stock
cardrush,https://www.cardrush-pokemon.jp/product/18736,30,ムーランド060/0,2022-12-02,2022-12-02 06:51:41,43
