market,link,price,name,date,datetime,stock
cardrush,https://www.cardrush-pokemon.jp/product/22763,80,イーブイ125/18,2022-11-11,2022-11-11 09:02:05,56
cardrush,https://www.cardrush-pokemon.jp/product/22905,280,イーブイ125/18,2022-11-11,2022-11-11 09:02:05,3
cardrush,https://www.cardrush-pokemon.jp/product/32833,70,イーブイ125/18,2022-11-11,2022-11-11 09:02:05,0
cardrush,https://www.cardrush-pokemon.jp/product/32947,250,イーブイ125/18,2022-11-11,2022-11-11 09:02:05,0
