market,link,price,name,date,datetime,stock
hareruya2,https://www.hareruya2.com/product/19711,100,ワタッコ(R){草},2022-12-08,2022-12-08 07:56:02,156
