market,link,price,name,date,datetime,stock
magi,/items/1143710244,149,【特価】タフネスマン,2023-01-08,2023-01-08 09:21:07,1
magi,/items/128155299,101,タフネスマント 14,2023-01-08,2023-01-08 09:21:07,1
magi,/items/628601480,101,タフネスマント 14,2023-01-08,2023-01-08 09:21:07,1
magi,/items/600365523,101,タフネスマント 14,2023-01-08,2023-01-08 09:21:07,1
magi,/items/637019879,101,タフネスマント 14,2023-01-08,2023-01-08 09:21:07,1
magi,/items/819143059,100,タフネスマント 14,2023-01-08,2023-01-08 09:21:07,1
magi,/items/1781165043,100,タフネスマント 14,2023-01-08,2023-01-08 09:21:07,1
magi,/items/443018746,109,タフネスマント 14,2023-01-08,2023-01-08 09:21:07,1
magi,/items/632393943,109,タフネスマント 14,2023-01-08,2023-01-08 09:21:07,1
magi,/items/174370608,109,タフネスマント 14,2023-01-08,2023-01-08 09:21:07,1
magi,/items/471916252,109,タフネスマント 14,2023-01-08,2023-01-08 09:21:07,1
magi,/items/1813755655,109,タフネスマント 14,2023-01-08,2023-01-08 09:21:07,1
magi,/items/1750617085,109,タフネスマント 14,2023-01-08,2023-01-08 09:21:07,1
magi,/items/777365344,109,タフネスマント 14,2023-01-08,2023-01-08 09:21:07,1
magi,/items/878626402,100,タフネスマント 14,2023-01-08,2023-01-08 09:21:07,1
magi,/items/1079018335,30,タフネスマント  1,2023-01-08,2023-01-08 09:21:07,4
magi,/items/1882382009,200,タフネスマント  1,2023-01-08,2023-01-08 09:21:07,1
magi,/items/1013389490,150,タフネスマント(キラ,2023-01-08,2023-01-08 09:21:07,1
magi,/items/32510858,150,タフネスマント 14,2023-01-08,2023-01-08 09:21:07,1
magi,/items/1626330359,300,タフネスマント 14,2023-01-08,2023-01-08 09:21:07,1
magi,/items/1313475058,180,タフネスマント 14,2023-01-08,2023-01-08 09:21:07,1
magi,/items/782771011,180,タフネスマント 14,2023-01-08,2023-01-08 09:21:07,1
magi,/items/2067104399,180,タフネスマント 14,2023-01-08,2023-01-08 09:21:07,1
magi,/items/1626624062,180,タフネスマント 14,2023-01-08,2023-01-08 09:21:07,1
magi,/items/1709122791,276,タフネスマント 14,2023-01-08,2023-01-08 09:21:07,1
magi,/items/1861195675,25,タフネスマント 14,2023-01-08,2023-01-08 09:21:07,4
magi,/items/327149453,25,タフネスマント 14,2023-01-08,2023-01-08 09:21:07,4
