market,link,price,name,date,datetime,stock
hareruya2,https://www.hareruya2.com/product/21096,50,ポワルン(CP){無,2022-11-19,2022-11-19 09:01:21,28
hareruya2,https://www.hareruya2.com/product/21275,100,ポワルン:ミラー(C,2022-11-19,2022-11-19 09:01:21,22
