market,link,price,name,date,datetime,stock
torecolo,/shop/g/g122-100-S8-B/,1650,【ポケカ】ＨＲ◇カミ,2022-12-20,2022-12-20 08:32:43,0
