market,link,price,name,date,datetime,stock
torecolo,/shop/g/g019-028-SJ-B/,220,【ポケカ】ＳＳ◇しん,2023-01-11,2023-01-11 08:51:55,0
