market,link,price,name,date,datetime,stock
hareruya2,https://www.hareruya2.com/product/19504,50,ビリリダマ(C){雷,2022-12-23,2022-12-23 07:25:24,0
