market,link,price,name,date,datetime,stock
cardrush,https://www.cardrush-pokemon.jp/product/18101,50,ドーミラー049/0,2022-11-10,2022-11-10 06:15:25,56
cardrush,https://www.cardrush-pokemon.jp/product/18307,30,ドーミラー049/0,2022-11-10,2022-11-10 06:15:25,0
