market,link,price,name,date,datetime,stock
hareruya2,https://www.hareruya2.com/product/20466,50,スケーターズパーク(,2022-11-03,2022-11-03 10:24:52,114
