market,link,price,name,date,datetime,stock
torecolo,/shop/g/g020-070-S5R-B/,33,【ポケカ】Ｃ◇ガラル,2022-12-11,2022-12-11 06:23:36,10
