market,link,price,name,date,datetime,stock
hareruya2,https://www.hareruya2.com/product/21389,5500,ブラッキーVMAX(,2022-11-15,2022-11-15 09:35:43,6
